angle
50.485
78.9951
50.5199
70.9051
60.7164
48.3785
68.5612
58.9954
52.4434
96.8972
57.5742
25.5287
62.3504
55.939
61.7106
73.9882
47.1477
58.8641
102.287
51.5659
26.147
79.4644
54.9311
45.6045
77.9691
57.6441
44.3868
64.1828
56.9039
58.9134
91.419
51.2943
37.2867
50.8565
60.0222
69.1214
84.3496
50.7096
44.9408
59.9726
56.9499
63.0775
49.8647
95.8772
34.2581
63.8776
63.4747
52.6477
54.9123
79.1046
45.9831
67.0903
51.7008
61.2088
57.5476
51.8645
70.5879
59.1011
73.1841
47.7148
54.8163
68.3267
56.857
58.5548
61.9286
59.5166
75.5986
47.7697
56.6317
60.1529
68.6626
51.1845
53.7632
48.9435
77.2933
55.5185
43.3543
81.1272
59.1927
46.357
74.4503
58.6714
58.2318
63.0968
77.4415
51.163
51.3956
43.9354
53.1468
82.9178
69.4905
77.8197
32.6898
49.1459
75.2513
55.6028
69.4602
39.0644
71.4755
61.3765
58.3019
60.3216
53.959
70.9926
55.0484
81.4502
48.6324
49.9173
58.9413
66.0957
54.963
60.1545
58.735
61.1105
63.1479
62.8839
53.9682
42.4809
48.3903
89.1287
43.5421
97.1066
39.3513
59.9564
61.6711
58.3725
59.4693
51.0648
69.4658
55.629
67.9547
56.4163
59.2875
72.062
48.6506
56.3519
71.8814
51.7667
64.9571
60.1108
54.9322
23.2373
92.4702
64.2925
40.7302
74.4673
64.8025
43.8833
69.2045
66.9122
57.4718
70.7228
51.8054
57.8432
69.7183
52.4385
58.5588
59.7667
61.6745
59.4108
64.0256
56.5635
59.2736
74.2345
46.4919
57.3068
56.4615
66.2317
60.7622
49.033
70.2049
68.4086
62.3286
49.2628
63.2837
60.0883
56.628
43.4143
58.2041
78.3815
58.1273
52.5943
69.2784
73.8082
54.661
51.5309
50.8374
68.6111
60.5515
61.3459
58.4701
60.184
64.062
41.9512
73.9868
72.2612
63.4301
44.3088
29.0189
61.1045
89.8766
42.9184
56.749
80.3325
48.3169
74.4417
57.2413
67.6237
42.3794
69.9969
62.5768
61.5238
55.8993
60.8248
76.3436
42.8316
32.7658
40.4951
106.739
55.7173
60.768
63.5147
60.5906
58.239
61.1703
60.8742
61.8303
57.2954
60.8252
75.0314
44.1434
57.8574
56.448
65.6946
58.5577
61.3935
60.0488
63.9913
56.0977
59.9111
68.7316
52.8133
58.4551
37.3368
55.6458
87.0175
59.5207
62.301
58.1783
59.7798
58.1902
62.03
57.2517
60.3821
62.3662
58.6518
58.418
62.9302
73.0794
47.9987
58.9219
59.4465
59.7765
60.777
61.5939
66.0262
52.3799
65.1173
51.1292
63.7535
60.5555
57.8764
61.5681
46.7742
66.7339
66.4919
73.3072
66.1503
40.5425
72.8137
67.809
39.3773
53.1182
67.7858
59.0959
55.2649
69.747
54.9882
58.2399
63.7323
58.0277
49.3689
74.7898
55.8414
56.3639
58.4446
65.1915
61.7838
61.0567
57.1595
63.3889
70.7897
45.8214
59.2887
53.4934
67.2179
72.0388
51.7586
56.2026
65.4254
60.3294
54.2452
62.8491
56.6186
60.5323
76.7586
59.1433
44.098
65.0446
63.0587
51.8967
62.5316
71.9133
45.5551
53.666
78.0838
48.2502
85.5375
44.5901
49.8723
48.909
72.6391
58.4519
53.219
54.2391
72.5418
58.1166
70.3028
51.5805
51.7372
65.0755
63.1873
73.4465
56.7162
49.8373
67.586
43.1463
69.2677
58.9281
67.9802
53.0917
58.2332
58.6542
63.1126
58.6557
64.8463
56.498
56.5565
46.2155
77.2281
65.3152
40.0796
74.6052
68.8267
57.9678
53.2054
74.5212
77.7701
27.7087
75.5012
57.5301
46.9686
73.8156
43.08
63.1045
64.5679
49.0626
66.3695
52.3977
87.9544
39.6479
52.2212
62.9525
64.8262
86.7789
59.5503
33.6708
57.9287
56.1339
65.9374
83.0059
54.9798
42.0143
64.701
52.9128
62.3862
60.0965
67.8978
52.0057
84.5189
52.0584
43.4228
56.7531
72.9461
50.3008
57.2342
62.7943
59.9715
66.3857
59.7769
53.8374
64.1167
54.8375
61.0458
55.8005
62.113
62.0865
62.7082
58.6314
58.6604
75.0897
53.4317
51.4786
67.253
41.9046
70.8424
71.2025
61.6969
47.1006
59.1211
73.4897
47.3893
53.0519
65.3782
61.5699
64.6703
56.3234
59.0063
64.0955
58.1255
57.779
62.4752
34.2626
83.2623
55.906
47.801
76.2931
87.1905
50.3268
42.4827
66.4647
34.4321
79.1031
68.0014
46.1977
65.8009
59.6053
59.5041
60.8906
56.2434
82.1345
41.6221
71.0931
87.6946
21.2123
67.665
42.2118
70.1232
53.6039
78.9196
47.4766
66.6562
67.403
45.9408
30.577
84.3514
65.0716
55.7367
74.0622
50.2012
68.8913
59.1094
51.9992
27.88
56.4714
95.6486
72.3435
57.085
50.5716
71.8034
51.058
57.1386
52.9133
71.9341
55.1526
54.0865
52.7953
73.1182
49.8616
79.34
50.7984
57.0806
49.7144
73.205
59.858
59.6328
60.5092
48.5146
78.9611
52.5243
77.738
47.4839
54.7781
52.8217
51.712
75.4663
54.8164
49.7849
75.3987
65.061
46.1584
68.7806
52.4673
66.9263
60.6063
54.2033
81.3809
44.4159
87.5298
24.0316
68.4385
60.4539
60.2238
59.3224
72.5573
55.1361
52.3066
59.5855
75.0636
45.3509
61.4555
71.1954
47.3491
59.468
58.1528
62.3792
72.8029
54.7324
52.4647
70.6984
51.4301
57.8715
62.2281
53.5951
64.1768
45.3078
77.5925
57.0996
60.8939
61.4804
57.6257
47.6773
75.817
56.5057
52.6374
76.3593
51.0033
49.1225
61.4688
69.4086
60.5261
63.2286
56.2454
44.6526
67.3127
68.0347
71.5185
57.1542
51.3273
63.7963
71.3045
44.8992
68.5359
56.9987
54.4654
61.7547
37.0877
81.1577
41.8248
69.4563
68.7189
54.9353
68.8448
56.2199
65.9121
50.6649
63.423
66.504
60.5496
52.9464
72.5274
54.2584
53.2143
48.4054
85.0762
46.5184
61.3376
46.2521
72.4103
85.3862
46.6308
47.983
64.1106
57.807
58.0824
43.2937
70.7872
65.9191
53.9649
61.6027
64.4324
77.2953
50.7347
51.97
66.9802
49.9281
63.0917
54.0517
64.5917
61.3566
54.2136
55.6079
70.1785
66.301
70.2772
43.4218
47.1512
68.8119
64.0369
66.1786
41.7841
72.0374
46.3004
74.7678
58.9318
74.3441
48.0907
57.5652
74.6469
50.2182
55.135
77.3246
53.6098
49.0655
71.1938
43.1813
65.6249
62.6601
54.104
63.2359
47.4166
93.7003
38.8831
54.4728
73.9013
51.6259
83.9667
42.3421
53.6912
90.914
46.9539
42.1322
59.2911
59.3469
61.362
58.9804
64.9148
56.1048
55.4825
68.0239
56.4935
77.918
56.0766
46.0054
73.7413
49.526
56.7327
66.8331
56.6431
56.5238
62.2946
57.3758
60.3295
59.8652
59.4816
60.6532
60.4807
62.0411
57.4782
52.5364
77.2639
50.1997
61.8551
54.8977
63.2472
87.711
59.7942
32.4948
60.917
78.6947
40.3883
70.5829
55.0718
54.3453
43.0306
77.7556
59.2138
62.9652
57.9706
59.0642
42.2566
72.4478
65.2956
47.382
61.3324
71.2856
77.3902
56.0852
46.5246
69.0146
70.5563
40.4291
50.7372
79.4227
49.8401
60.1622
47.8051
72.0326
53.1794
46.8813
79.9392
80.6996
67.4614
31.839
52.13
34.3233
93.5467
82.4906
46.3742
51.1352
62.3273
70.2168
47.4559
64.4729
52.5048
63.0223
66.1489
68.8845
44.9666
68.4634
60.4429
51.0937
48.6773
78.1247
53.198
44.1604
61.3197
74.5198
55.6467
68.6475
55.7058
69.5191
41.6343
68.8465
49.5962
53.8248
76.5791
57.5693
57.2226
65.2081
50.6134
53.4247
75.962
73.2184
42.6654
64.1162
37.5018
69.7597
72.7385
62.5665
43.1106
74.3229
61.7184
43.6559
74.6257
56.4628
57.0293
66.5079
57.423
58.7334
63.8436
72.1685
70.169
37.6625
68.181
46.2725
65.5465
68.4516
58.8133
52.7352
89.3713
54.3243
36.3044
41.8725
66.1117
72.0158
44.7202
48.325
86.9548
73.261
60.3369
46.4021
56.1626
59.9477
63.8897
53.4199
47.1502
79.4299
31.9825
70.3046
77.7129
46.1974
64.4743
69.3283
63.6101
57.3644
59.0255
47.2701
54.2857
78.4442
58.799
60.9936
60.2074
65.2217
52.0593
62.7189
54.6713
59.6443
65.6843
55.2929
69.8428
54.8643
59.1223
62.7315
58.1462
59.399
62.8698
57.7312
54.5038
69.1519
56.3443
65.713
48.1579
66.1291
64.6224
61.9461
53.4315
58.627
61.2536
60.1194
54.7275
59.8714
65.4011
60.7258
58.9256
60.3486
48.7304
57.6273
73.6423
60.7257
53.4648
65.8095
63.4636
53.513
63.0235
63.7259
55.3166
60.9575
84.2657
54.4324
41.3019
63.5424
64.0837
52.374
62.4797
73.2348
44.2855
59.2521
94.9779
25.7699
76.0632
50.5083
53.4285
67.1842
27.7937
85.0221
46.7611
77.8427
55.3963
62.9681
46.9638
70.0681
80.9176
56.113
42.9694
63.1088
59.5036
57.3876
35.669
45.2485
99.0824
41.0089
72.0286
66.9625
55.2477
68.9154
55.8369
40.3155
63.2801
76.4045
57.775
72.7803
49.4447
42.5008
95.8319
41.6673
40.803
70.7259
68.4711
57.628
88.1649
34.2071
55.0845
33.0804
91.8351
40.8456
80.8242
58.3302
50.3599
72.159
57.4812
75.5365
41.8339
62.6296
96.3265
43.4029
40.2706
40.5086
94.4625
45.029
63.6142
63.2227
53.1631
54.579
47.3732
78.0478
52.8976
55.8295
71.2729
48.459
71.5391
60.0018
48.1535
69.6739
62.1726
68.2776
49.598
62.1245
53.3548
63.4699
63.1753
58.6036
58.8991
62.4973
65.1482
62.8139
52.038
62.9572
58.66
58.3828
58.6299
61.5397
59.8304
66.3333
57.599
56.0677
55.8445
69.6867
54.4688
60.0128
54.806
65.1813
58.7377
59.1832
62.0791
64.6228
55.9175
59.4597
59.9973
59.5997
60.4029
61.602
58.1716
60.2263
55.1169
61.4388
63.4443
51.1489
73.9027
54.9483
55.9076
65.953
58.1394
67.0377
60.8095
52.1528
53.4959
71.0204
55.4837
58.5023
55.6365
65.8612
53.0773
59.6491
67.2736
61.3831
56.8187
61.7982
46.2811
57.308
76.4109
72.3004
61.2384
46.4612
67.3807
57.5646
55.0547
53.9039
59.1125
66.9836
52.7797
54.0794
73.1409
61.9888
59.345
58.6661
63.8499
58.4117
57.7383
64.4641
58.4697
57.0663
59.4275
61.8621
58.7104
59.1279
60.4177
60.4544
61.8581
68.5547
49.5872
52.0175
67.5525
60.43
72.6883
37.4906
69.8211
35.7085
69.5858
74.7057
46.9384
72.8791
60.1825
71.5746
69.362
39.0633
58.3604
76.496
45.1436
71.8018
51.0696
57.1286
64.3127
60.3785
55.3088
75.3228
44.4665
60.2107
49.7929
67.0729
63.1342
60.6793
43.0367
76.2841
60.7378
59.803
59.4592
73.7723
44.245
61.9827
55.7028
56.1996
68.0976
60.0482
58.3567
61.5951
53.1395
61.9855
64.875
47.0398
67.1723
65.7879
54.2134
68.3183
57.4683
60.1013
44.7549
75.1439
62.2733
64.6056
53.1211
59.6547
58.383
61.9624
56.2293
64.0302
59.7406
57.0657
68.3134
54.6208
61.9708
56.7968
61.2324
49.3383
71.6254
59.0363
59.4148
62.6174
57.9678
62.8458
59.4309
57.7233
58.5689
62.3189
59.1122
43.4617
83.4202
53.1181
59.5029
59.8714
60.6257
60.6697
59.6901
59.6402
54.8204
70.3457
54.8339
44.6551
76.9319
58.413
60.2678
63.849
55.8833
69.3942
67.994
42.6119
41.5421
104.39
34.0677
45.1805
45.6154
89.2041
56.7138
50.2728
73.0135
51.3294
79.8559
48.8148
47.7959
58.2748
73.9292
43.3952
84.4018
52.2029
57.4242
60.0753
62.5005
55.4671
77.9551
46.5778
53.5251
51.4126
75.0623
41.6907
68.1265
70.1827
59.9538
63.8201
56.2261
58.7175
55.1117
66.1709
60.4845
62.5165
56.999
67.0467
58.9367
54.0166
69.6063
40.7178
69.6759
69.7506
56.0075
54.2419
47.8694
55.6708
76.4597
78.2286
50.7117
51.0597
45.1635
75.8284
59.0081
59.3903
53.1102
67.4995
53.615
53.755
72.63
75.0514
45.7854
59.1632
40.7058
72.7998
66.4944
85.2926
42.3092
52.3982
50.4684
57.3954
72.1362
53.3794
73.8152
52.8053
66.9135
45.4578
67.6287
73.5363
57.263
49.2006
45.4038
66.4953
68.1009
49.1968
55.0915
75.7116
77.452
45.721
56.827
29.1025
55.361
95.5365
75.6344
36.9895
67.376
80.719
55.9225
43.3585
67.9244
70.1853
41.8903
66.9238
45.9852
67.091
64.1642
62.892
52.9438
50.4398
40.2222
89.338
46.7481
77.2923
55.9596
52.3298
46.3533
81.3169
61.3922
60.3395
58.2682
66.8236
59.6725
53.504
52.7513
64.7791
62.4697
60.2223
51.6491
68.1286
58.2685
68.1495
53.582
64.8292
75.4458
39.725
58.7632
60.2836
60.9532
50.4792
57.342
72.1788
49.8977
64.1853
65.917
33.8075
89.7466
56.4458
92.2441
52.2799
35.476
61.7462
70.1646
48.0892
66.5679
53.165
60.2671
75.5763
66.0001
38.4236
72.3231
53.7536
53.9233
38.055
63.4018
78.5432
70.1289
51.806
58.0651
51.2157
63.8299
64.9543
59.5711
40.1455
80.2834
48.673
63.3348
67.9922
60.3316
58.8802
60.7882
69.8261
58.6361
51.5378
37.4312
68.7984
73.7704
64.5433
70.4111
45.0456
67.5668
63.4557
48.9775
61.7411
57.491
60.7679
54.8622
57.4685
67.6693
65.5808
69.7669
44.6523
51.8932
76.6152
51.4916
68.827
73.337
37.836
30.5724
62.2733
87.1543
62.5812
37.8457
79.5731
55.3273
73.0598
51.6129
58.1419
41.7672
80.0909
50.4776
85.1327
44.3897
45.1349
39.9978
94.8673
64.1381
52.4959
63.366
58.4921
74.0052
47.5027
49.6491
83.0307
47.3202
48.8223
63.0773
68.1004
40.1775
89.0722
50.7503
42.5167
49.015
88.4683
41.5099
70.0383
68.4518
70.6551
49.3498
59.9951
45.6277
47.3991
86.9733
41.1582
99.4288
39.413
50.0144
53.9315
76.054
69.1722
43.9917
66.836
47.8992
44.4206
87.6802
69.5814
41.0504
69.3683
65.4956
60.72
53.7843
60.3577
63.032
56.6102
59.6953
63.8046
56.5002
62.1977
56.8637
60.9386
58.9032
62.5646
58.5323
67.9187
53.1056
58.9757
64.448
40.9985
74.5535
59.1189
63.4077
57.4734
61.1226
60.8841
57.9933
65.6029
57.3439
57.0531
66.5794
64.5343
48.8863
56.3625
59.8752
63.7623
60.8805
59.342
59.7775
68.9536
57.4118
53.6346
44.6168
62.2904
73.0927
53.3676
70.1038
56.5286
56.477
81.4432
42.0798
62.0423
38.6346
79.3231
77.5709
49.7463
52.6827
79.0627
59.2481
41.6892
63.7097
58.6429
57.6474
65.3812
59.3636
55.2551
52.3545
56.6415
71.004
102.23
54.6088
23.1614
55.4463
62.9602
61.5936
64.2742
65.8495
49.8764
59.5919
47.8847
72.5234
63.4598
57.454
59.0862
72.8253
58.449
48.7257
54.6018
71.4561
53.942
61.5021
70.3499
48.1481
31.787
54.9919
93.2211
69.8813
38.0709
72.0478
44.8236
65.621
69.5554
54.6636
68.845
56.4913
69.7033
46.4236
63.8731
54.9311
55.2653
69.8036
75.4408
49.6382
54.921
59.2875
59.6097
61.1028
70.1898
56.067
53.7432
68.4214
52.9523
58.6263
67.7465
51.0522
61.2013
76.9944
53.842
49.1636
56.3271
63.723
59.9498
53.9437
54.9106
71.1457
64.4188
59.4185
56.1627
70.0618
54.8777
55.0604
66.5923
57.0063
56.4014
66.6983
54.0594
59.2423
69.4951
69.6714
40.8335
48.2166
73.4383
58.345
57.1417
59.5049
63.3533
64.5253
53.1546
62.3201
64.2332
59.8219
55.9449
53.882
69.1436
56.9745
59.7222
60.7481
59.5297
74.5867
50.7808
54.6326
58.8978
70.7004
50.4018
58.1589
62.5889
59.2522
49.8303
76.7947
53.375
48.6872
67.3608
63.9519
69.6685
53.1444
57.1871
68.7742
71.0163
40.2095
44.5547
89.0652
46.3801
64.6262
48.9023
66.4715
61.2235
66.17
52.6065
58.8433
47.1939
73.9629
59.8633
53.8999
66.2368
57.6694
66.9837
55.3469
68.3781
66.8121
44.8097
59.8976
50.374
69.7283
52.9762
68.3567
58.6672
87.7597
45.0016
47.2387
96.9395
43.2959
39.7645
57.0069
61.7369
61.2561
48.2584
46.7228
85.0189
90.5872
44.9725
44.4403
46.7486
40.7577
92.4938
65.1232
56.8972
57.9796
39.3464
69.9996
70.654
43.5076
55.5005
80.9919
57.7565
63.5667
58.6767
71.7054
49.0773
59.2173
66.902
47.3063
65.7917
49.1333
85.0726
45.7941
73.6931
63.0346
43.2724
59.8134
61.0693
59.1172
63.313
71.3886
45.2984
65.2517
50.953
63.7953
64.1382
50.7108
65.151
69.1503
53.3272
57.5225
46.4649
58.9696
74.5656
49.2405
52.4662
78.2933
47.5667
67.8305
64.6028
54.977
58.9793
66.0438
56.5614
62.1157
61.3229
73.6349
50.9656
55.3994
56.6297
81.6284
41.7419
88.965
41.6954
49.3396
105.084
41.8025
33.114
60.252
57.8014
61.9466
49.0561
59.1242
71.8196
34.567
68.9395
76.4935
34.019
74.2928
71.6882
45.5493
53.5226
80.9281
74.2227
57.2558
48.5215
85.7976
38.6041
55.5983
35.7222
81.1177
63.1601
55.3804
54.8575
69.7621
58.099
87.8025
34.0985
69.0109
42.7862
68.2029
62.3095
68.5087
49.1818
56.527
68.774
54.6991
55.057
58.4017
66.5412
59.0043
80.8023
40.1934
68.5862
69.4657
41.9481
60.3113
55.517
64.1717
52.9534
49.9341
77.1125
62.3369
60.1252
57.5379
43.1928
68.2263
68.5808
47.6529
46.1722
86.1749
67.6974
46.4495
65.8531
68.1316
65.6925
46.1759
20.6243
92.3054
67.0702
42.6404
72.876
64.4836
58.1378
39.3663
82.4959
58.8999
64.9764
56.1237
51.3711
73.596
55.0329
56.5946
59.9738
63.4316
63.9411
53.6711
62.3878
52.1693
93.67
34.1608
53.7889
36.0218
90.1893
57.1754
62.5758
60.2489
33.2683
88.3382
58.3935
62.9914
54.0507
62.9579
59.7049
53.4831
66.812
