ratio
0.648124
0.668853
0.630714
1.16019
0.603543
0.682026
1.13462
0.699763
0.714797
0.596833
0.825351
0.64469
0.707838
0.596521
0.888222
0.628994
0.69528
0.637117
0.635685
0.675854
0.611764
0.586071
0.675266
0.64171
0.663076
0.728324
0.690938
0.588107
0.641904
0.72062
0.92577
0.661045
0.793408
0.587662
0.618355
0.666236
0.610664
0.584949
0.618283
0.740362
0.788552
0.587216
0.642791
0.605767
0.66605
0.63654
0.610894
1.2673
0.766286
0.721301
0.636201
0.630756
0.586046
0.599163
0.689392
0.599869
0.662175
0.659882
0.598719
0.727517
0.629443
0.638616
0.644864
0.586601
0.747947
0.715794
1.03072
0.734261
0.669492
0.741799
0.603826
0.735461
0.923861
0.60513
0.588061
0.5942
0.71792
0.599963
0.586053
0.602417
0.627613
0.824404
0.588448
0.588372
0.594491
0.586929
0.672831
0.580616
0.631253
0.642209
0.590386
0.68619
0.769217
0.788116
0.625097
0.610476
0.589411
0.658833
0.600548
0.595108
0.697184
0.622054
0.63661
0.616124
0.598783
0.718506
0.635405
0.700355
0.670187
0.71222
0.663423
0.624274
0.638176
0.636798
0.654265
0.73114
0.625315
0.588098
0.599617
0.692572
0.776577
0.624385
1.07532
0.684013
0.732045
0.661878
0.783615
0.632606
0.901843
0.602161
0.747032
0.626787
0.63446
0.727403
0.649849
0.594608
0.619314
0.611604
0.604533
0.585592
0.63908
0.748623
0.682547
0.679375
0.625641
0.600831
0.591018
0.888121
0.674931
0.740337
0.884284
0.692777
0.580271
0.752768
1.38188
0.744189
0.678425
0.695777
0.982904
0.65079
0.634516
1.06924
0.647317
0.642853
0.626784
0.627762
0.654031
0.655453
0.579506
0.667445
0.678345
0.637019
0.654771
0.693234
0.630512
0.714427
1.22778
0.581361
0.631877
0.702816
0.679814
0.58861
0.630534
0.63951
0.621239
0.703338
0.592019
0.676257
0.64335
0.661279
0.601377
0.711434
0.640428
0.708355
0.614428
0.829138
0.749788
0.610871
0.646453
0.62651
0.624313
0.689089
0.692147
0.68781
0.590836
0.729141
0.618309
0.645808
0.653393
0.617629
0.616369
0.727417
0.681988
0.750385
0.69159
0.671859
0.65063
0.661849
0.730664
0.617221
0.796516
0.637776
0.742328
0.745331
0.581549
0.602367
0.60683
0.695019
0.657288
0.599438
0.593666
0.580406
0.592988
0.650804
0.611152
0.930713
0.771647
0.615351
0.73272
0.589779
0.743548
0.679455
0.689019
0.771003
0.654238
0.674887
0.684988
0.947806
0.886741
0.69074
0.678649
0.630196
0.707519
0.64253
0.665777
0.7177
0.605639
0.752588
0.656603
0.594686
0.64693
0.737772
0.821306
0.731626
0.724295
0.59986
0.593353
0.818318
0.691911
0.628263
0.844488
0.749092
0.710586
0.690419
0.601959
0.681999
0.944001
0.692781
0.593741
0.680679
0.584552
0.633997
0.612859
0.611403
0.588652
0.591329
0.614135
0.671154
0.622553
0.58562
0.612434
0.583773
0.665235
0.622284
0.621897
0.608044
0.757545
0.631303
0.716092
1.15006
0.647906
1.07229
0.686339
0.684067
0.73356
0.593588
0.857483
0.76199
0.608551
0.772803
0.658086
0.752101
0.765157
0.889386
0.91606
0.7645
0.649295
0.749655
0.773517
0.76975
0.62473
0.679551
0.626913
0.668019
0.671199
0.656586
0.623172
0.585766
0.634181
0.587151
0.585602
0.602629
0.614402
0.611842
0.584932
0.603696
0.579702
0.58849
0.609518
0.642031
0.603766
0.633192
0.622034
0.605713
0.625433
0.597412
0.691812
0.689743
0.60998
0.618789
0.627892
0.585376
0.591283
0.595735
0.585101
0.582537
0.65669
0.634358
0.821516
0.85666
0.68435
0.793425
0.705341
0.642748
0.608101
0.713784
0.654693
0.732637
0.58054
0.716611
0.605234
0.587316
0.624923
0.683222
0.61637
0.710151
0.625073
0.58715
0.60149
0.613242
0.597561
0.659135
0.589796
0.591381
0.585982
0.726882
0.580279
0.579462
0.611733
0.711402
0.60394
0.738521
0.892582
0.704889
0.650114
0.664377
0.674985
0.727774
0.593345
0.688413
0.639666
0.751756
0.601513
0.609557
0.596188
0.617904
0.766478
0.61615
0.674202
0.646021
0.705098
0.625163
0.62108
0.69761
0.766665
0.742797
0.648279
0.627679
0.701524
0.6605
0.702175
0.660538
0.698374
1.02802
0.831022
0.728267
0.748832
0.695255
0.626531
0.774289
0.686485
0.690981
0.587876
0.621969
0.628129
0.637572
0.621344
0.782345
0.584774
0.648178
0.653684
0.898626
0.861532
0.671875
0.624715
0.804543
0.619977
0.811139
0.636195
0.641429
0.775517
0.665821
0.584052
0.638555
0.822628
0.706545
0.662733
0.592904
0.611419
0.711438
0.638964
0.815125
0.983039
0.814946
0.637891
0.750632
0.714761
0.777897
0.630271
0.678141
0.68013
0.6643
0.775004
0.739858
0.754433
0.659022
0.699486
0.787519
0.652566
0.719886
0.714367
0.761357
0.619733
0.598841
0.599601
0.597106
0.586212
0.6252
0.762149
0.59302
0.589632
0.595823
0.663652
0.600558
0.581243
0.620924
0.711883
0.623068
0.746085
0.800831
0.655144
0.751778
0.591876
0.608496
0.631468
1.27122
0.607095
0.653889
0.674039
0.593148
0.665283
0.618489
0.671257
0.949192
0.810851
0.709294
0.612917
0.690173
0.610902
0.656193
0.581571
0.620059
0.626461
0.642906
0.660869
0.600805
0.618476
0.601958
0.611302
0.600287
0.617569
0.764687
0.670538
0.595227
0.6248
0.603501
0.618962
0.580119
0.645384
0.648901
0.588571
0.654332
0.665675
0.624883
0.774492
0.712666
0.663491
0.62934
0.681517
0.61882
0.607822
0.709467
0.649162
0.626264
0.707087
0.781697
0.596135
0.68677
0.714117
0.765859
0.596878
0.788634
0.726268
0.591164
0.661731
0.680282
0.697507
0.729429
0.582602
0.703452
0.643808
0.646029
0.623396
0.689701
0.660103
0.677449
0.610559
0.599178
0.643692
0.751004
0.751687
0.915238
0.590873
0.661943
0.881259
0.893707
0.700424
0.667375
0.801365
0.856375
0.611454
0.891874
0.736091
0.660688
0.612649
0.609962
0.774749
0.747992
0.606579
0.653335
0.592595
0.730507
0.693074
0.689876
0.693031
1.41949
0.738122
0.7883
0.602233
0.640036
0.598949
0.620633
0.890446
0.850205
0.595002
0.911478
0.617637
0.622137
